17
15
13
11
9
7
5
4
1
19
17
15
13
12
9
7
6
4
3607804
10
7
5
3
349
17
16
13
11
9
7
5
3
1
19
18
15
13
11
9
7
5
4
850915
17
15
13
11
9
7
5
3
1
20
17
15
13
11
9
7
5
3
163764
18
15
13
11
9
8
5
3
1
19
17
15
13
11
10
7
5
3
10261
1
20
17
15
13
11
9
8
5
3
9489
7
5
3
1019
17
15
13
11
9
7
5
4
1
19
17
15
13
11
9
8
5
3
117
17
16
13
11
9
8
5
3
1
19
17
15
13
12
9
7
5
3
1458
17
15
13
11
10
7
5
3
125
15
14
11
9
7
5
5
63511
16
13
11
9
7
5
3
1
20
17
15
13
11
9
7
5
4
39789
6739171
5093369
59230
11659
1297
698
75551
170
32
12098
343
14
63665
4
450
311
3
84
4
21
9
45
5
33497
